22
0   50   41   82   37   75   72   66   64   43   63   42   72   38   45   90   44   84   84   76   41   99   
50   0   23   40   61   91   58   68   42   77   50   55   57   77   22   88   21   55   36   55   39   54   
41   23   0   84   81   100   63   94   91   64   70   25   74   22   48   53   60   43   60   77   58   66   
82   40   84   0   61   81   65   57   82   97   58   53   69   23   50   77   41   73   39   96   26   64   
37   61   81   61   0   20   31   26   53   42   68   45   39   78   56   82   63   70   40   48   76   23   
75   91   100   81   20   0   49   75   30   78   84   80   21   95   58   84   62   53   61   92   29   23   
72   58   63   65   31   49   0   24   64   78   90   97   92   33   30   79   35   26   68   79   31   51   
66   68   94   57   26   75   24   0   80   88   33   82   39   61   56   37   44   90   58   39   88   35   
64   42   91   82   53   30   64   80   0   54   92   43   38   91   100   42   81   71   37   23   62   93   
43   77   64   97   42   78   78   88   54   0   64   64   83   95   62   73   63   56   63   32   95   33   
63   50   70   58   68   84   90   33   92   64   0   84   97   53   21   76   30   20   38   50   71   34   
42   55   25   53   45   80   97   82   43   64   84   0   69   20   58   83   58   36   79   89   61   68   
72   57   74   69   39   21   92   39   38   83   97   69   0   22   48   79   75   53   63   39   23   73   
38   77   22   23   78   95   33   61   91   95   53   20   22   0   95   49   60   91   60   68   49   43   
45   22   48   50   56   58   30   56   100   62   21   58   48   95   0   45   78   39   42   42   25   53   
90   88   53   77   82   84   79   37   42   73   76   83   79   49   45   0   45   76   29   59   95   81   
44   21   60   41   63   62   35   44   81   63   30   58   75   60   78   45   0   57   32   77   77   75   
84   55   43   73   70   53   26   90   71   56   20   36   53   91   39   76   57   0   20   55   54   84   
84   36   60   39   40   61   68   58   37   63   38   79   63   60   42   29   32   20   0   82   44   32   
76   55   77   96   48   92   79   39   23   32   50   89   39   68   42   59   77   55   82   0   57   98   
41   39   58   26   76   29   31   88   62   95   71   61   23   49   25   95   77   54   44   57   0   38   
99   54   66   64   23   23   51   35   93   33   34   68   73   43   53   81   75   84   32   98   38   0   
